00000000000000000000000000000000
00000000000000000000000000000001
00000000000000000000000000000010
00000000000000000000000000000011
00101010100010101010001010101010
00101010100010101010001010101011
10101010100010101010001010101010
10101010100010101010001010101011
00101010100010101010001010101010
00101010100010101010001010101011
10101010100010101010001010101010
10101010100010101010001010101011
00101010100010101010001010101010
00101010100010101010001010101011
10101010100010101010001010101010
10101010100010101010001010101011
00101010100010101010001010101010
00101010100010101010001010101011
10101010100010101010001010101010
10101010100010101010001010101011
00101010100010101010001010101010
00101010100010101010001010101011
10101010100010101010001010101010
10101010100010101010001010101011
00101010100010101010001010101010
00101010100010101010001010101011
10101010100010101010001010101010
10101010100010101010001010101011
00101010100010101010001010101010
00101010100010101010001010101011
01111111111111111111111111111111
11111111111111111111111111111111
