0.1637461506
0.2681280184
0.3292869817
0.3594631713
0.3678794412
0.3614330543
0.3452357495
0.3230344288
0.2975379988
0.2706705665
0.2437669484
0.2177230879
0.1931113034
0.1702681754
0.1493612051
0.1304390527
0.1134691179
0.0983654008
0.0850089331
0.0732625556
0.0629814226
0.0540202956
0.0462384444
0.0395027858
0.033689735
0.028686135
0.0243895371
0.0207080368
0.0175598175
0.0148725131
0.0125824699
0.0106339665
0.008978429
0.007573671
0.0063831738
0.0053754178
0.0045232704
0.0038034309
0.0031959328
0.002683701
0.0022521593
0.0018888855
0.0015833098
0.0013264511
0.0011106882
0.0009295625
0.0007776062
0.0006501959
0.0005434257
0.0004539993
0.0003791373
0.0003164978
0.0002641097
0.0002203146
0.0001837187
0.000153151
0.0001276285
0.0001063266
0.0000885537
0.0000737305
0.0000613715
0.0000107049
0.0000042487
0.0000005337